滨城区南方名匠装饰装修中心 ,黄河五路 渤海十二路 向西200米路南,15564363999,2211115,
滨州市泓德装饰工程有限公司            ,山东省 滨州市 滨城区 滨城区黄河四路新立...,4008-659-600,,
滨州鼎尖装饰有限公司            ,山东省 滨州市 滨城区 滨城区黄河五路渤海...,4008-659-600,,
南昌鲁公大宅装饰工程公司            ,南昌市八一广场丽华购物广场6楼,4008-659-600,,
嘉祺装饰设计工程有限公司            ,滨州市,4008-659-600,,
滨州舒雅装饰设计店            ,山东省 滨州市 滨城区 黄河二路渤海二十一...,4008-659-600,,
交换空间装饰有限公司            ,南坪会展中心9玺国际8栋,4008-659-600,,
山东镭创装饰工程有限公司            ,山东省 滨州市 滨城区 山东省滨州市黄河十...,4008-659-600,,
滨州古兰装饰工程有限责任公司            ,山东 滨州 滨州市 山东省滨州市滨城区黄河...,4008-659-600,,
滨州尚宅居装饰工程有限公司            ,滨州市滨北镇凤凰一路梧桐三路交叉口东200...,4008-659-600,,
滨州业之峰诺华装饰股份有限公司            ,滨州市,4008-659-600,,
山东高然易居装饰工程有限公司            ,黄河五路渤海九路,4008-659-600,,
北京实创家居装饰集团(江西)有限公司            ,南昌市洪城路6号国贸国贸广场新华都1-3层,4008-659-600,,
一号家居网南昌站            ,江西省南昌市青山湖区上海路699文化创意园,4008-659-600,,
南昌一号家居网            ,南昌市青山湖区上海路699文化创意园,4008-659-600,,
一号家居网南昌站            ,江西省南昌市青山湖区上海路699文化创意园,4008-659-600,,
鲁公装饰            ,西湖孺子路1号,4008-659-600,,
江西翔海装饰工程有限公司            ,,4008-659-600,,
南昌欧坊装饰            ,洪城路576号天使商务大厦t层,4008-659-600,,
南昌高鸿装饰工程有限公司            ,抚生路1199号喜盈门灯饰广场三楼,4008-659-600,,
南昌实创家居装饰            ,南昌市洪城路6号新华都购物广场3楼,4008-659-600,,
无棣旭日生态装饰工程有限公司            ,,4008-659-600,,
美家驿站装饰有限公司            ,渤海三路,4008-659-600,,
山东华杰城市人家装饰工程有限公司            ,滨州滨城区黄河五路渤海十二路万益广场南,4008-659-600,,
滨州市京诺装饰工程有限公司            ,滨州市黄河八路渤海十一路大祥金廷公馆写字楼...,4008-659-600,,
滨州城市人家装饰公司            ,,4008-659-600,,
滨州市京诺装饰工程有限公司            ,滨州市黄河八路渤海十一路大祥金廷公馆写字楼...,4008-659-600,,
滨州家装e站装饰公司            ,滨城区黄五渤十二万益广场,4008-659-600,,
滨州腾尚装饰工程有限公司            ,山东省 滨州市 滨城区 滨州市黄河八路与渤...,4008-659-600,,
阔达建筑装饰工程有限责任公司            ,滨州市,4008-659-600,,
美星装饰集团            ,南昌,4008-659-600,,
滨州名仕雅居装饰设计有限公司            ,山东省 滨州市 市辖区 滨州市滨城区黄河十...,4008-659-600,,
水木南山装饰有限公司            ,山东省 滨州市 滨城区 长江二路渤海十八路...,4008-659-600,,
华宁装饰工程有限公司滨州分公司            ,滨州市,4008-659-600,,
滨州龙发装饰集团            ,滨州市,4008-659-600,,
江西装饰装饰(旗舰店)            ,江西省南昌市西湖区洪城路丽都广场a栋苹果装...,4008-659-600,,
南昌道艺装饰有限公司            ,南昌市红谷滩万达中心写字楼B2-814,4008-659-600,,
滨州市中恒装饰公司            ,滨州市滨城区黄河十路渤海九路,4008-659-600,,
实创家居装饰集团有限公司            ,青云谱洪都洪城路6号国贸广场13层,4008-659-600,,
